M1M1,M1M2,M1M3,M1M4,M1M5,M1M6,M1M7,M1M8,M2M1,M2M2,M2M3,M2M4,M2M5,M2M6,M2M7,M2M8,M3M1,M3M2,M3M3,M3M4,M3M5,M3M6,M3M7,M3M8,M4M1,M4M2,M4M3,M4M4,M4M5,M4M6,M4M7,M4M8,M5M1,M5M2,M5M3,M5M4,M5M5,M5M6,M5M7,M5M8,M6M1,M6M2,M6M3,M6M4,M6M5,M6M6,M6M7,M6M8,M7M1,M7M2,M7M3,M7M4,M7M5,M7M6,M7M7,M7M8,M8M1,M8M2,M8M3,M8M4,M8M5,M8M6,M8M7,M8M8
34.656142580000015,-22.573489560000013,-1384.5518733635206,-17527.219975373624,272.5402944000001,-323.71944209000014,-24841.09421087789,-3110.5819045826424,-22.573489560000013,14.703379920000012,901.836296018894,11416.461489232483,-177.5207808000001,210.85663038000013,16180.39802132614,2026.0964701000262,-1384.5518733635206,901.836296018894,55314.404527546045,700232.1506422558,-10888.291283644798,12932.955794352089,992429.6521655952,124271.2455172662,-17527.219975373624,11416.461489232483,700232.1506422558,8864328.721986001,-137836.27768367427,163719.94830985754,12563294.419105453,1573165.6564830707,272.5402944000001,-177.5207808000001,-10888.291283644798,-137836.27768367427,2143.2913920000005,-2545.770691200001,-195353.5109633888,-24462.010048386233,-323.71944209000014,210.85663038000013,12932.955794352089,163719.94830985754,-2545.770691200001,3023.829814445001,232038.09080273352,29055.623729683495,-24841.09421087789,16180.39802132614,992429.6521655952,12563294.419105453,-195353.5109633888,232038.09080273352,17805788.97865646,2229626.622871234,-3110.5819045826424,2026.0964701000262,124271.2455172662,1573165.6564830707,-24462.010048386233,29055.623729683495,2229626.622871234,279192.0584577932
1195.3996288200003,-1289.3186814600003,-14243.790672459594,-32285.347136050295,906.6650402400002,-516.00960135,-246437.00751078874,-54627.42680772948,-1289.3186814600003,1390.6166793800005,15362.883646647984,34821.9124352754,-977.8990607200001,556.55096655,265798.84243430867,58919.34396267067,-14243.790672459594,15362.883646647984,169721.963960386,384696.2265226188,-10803.37213753671,6148.515165479823,2936421.4814053467,650913.39637815,-32285.347136050295,34821.9124352754,384696.2265226188,871962.4923459166,-24487.204826359455,13936.384706396979,6655769.453859588,1475377.2672471637,906.6650402400002,-977.8990607200001,-10803.37213753671,-24487.204826359455,687.67086368,-391.3736081999999,-186913.0740419853,-41432.82039808597,-516.00960135,556.55096655,6148.515165479823,13936.384706396979,-391.3736081999999,222.74217112499994,106377.69908717029,23580.630318296087,-246437.00751078874,265798.84243430867,2936421.4814053467,6655769.453859588,-186913.0740419853,106377.69908717029,50804096.97869938,11261689.619060934,-54627.42680772948,58919.34396267067,650913.39637815,1475377.2672471637,-41432.82039808597,23580.630318296087,11261689.619060934,2496366.6439980017
19713.79133522,-19150.584972900004,-126131.84873351043,-485447.9834943474,6827.973677839999,-5598.208495299999,-601359.3154940172,-63636.90689119852,-19150.584972900004,18603.468940500003,122528.36838364073,471579.1447595593,-6632.9042388,5438.272408499999,584178.9879371591,61818.85422796186,-126131.84873351043,122528.36838364073,807010.8379665271,3105970.3626214415,-43686.41873321799,35818.193218182016,3847588.7730873288,407158.6524063999,-485447.9834943474,471579.1447595593,3105970.3626214415,11954054.939077416,-168137.4220157292,137854.71191272407,14808347.21733925,1567045.5064094402,6827.973677839999,-6632.9042388,-43686.41873321799,-168137.4220157292,2364.904028479999,-1938.9684915999992,-208283.91187144548,-22040.97211965388,-5598.208495299999,5438.272408499999,35818.193218182016,137854.71191272407,-1938.9684915999992,1589.7468844999992,170770.54187501012,18071.240925455746,-601359.3154940172,584178.9879371591,3847588.7730873288,14808347.21733925,-208283.91187144548,170770.54187501012,18344164.254460346,1941211.9220252756,-63636.90689119852,61818.85422796186,407158.6524063999,1567045.5064094402,-22040.97211965388,18071.240925455746,1941211.9220252756,205422.4806287814
144.08210258000014,-146.2600464000001,-22.062923630452993,-29253.774264452484,241.34435442,-135.04185330999996,-52560.1603452115,-23066.694062747454,-146.2600464000001,148.4709120000001,22.39642659377487,29695.97406394224,-244.9925136,137.08314479999996,53354.659275698046,23415.370011267136,-22.062923630452993,22.39642659377487,3.378439031682824,4479.555586307198,-36.95644333933092,20.67861339571355,8048.402840712933,3532.1438291119366,-29253.774264452484,29695.97406394224,4479.555586307198,5939553.167197691,-49001.45915265619,27418.283202735594,10671575.709332231,4683356.565845028,241.34435442,-244.9925136,-36.95644333933092,-49001.45915265619,404.26323857999967,-226.20150818999974,-88040.7610631826,-38637.80641378691,-135.04185330999996,137.08314479999996,20.67861339571355,27418.283202735594,-226.20150818999974,126.56882304499982,49262.33957022619,21619.4035219512,-52560.1603452115,53354.659275698046,8048.402840712933,10671575.709332231,-88040.7610631826,49262.33957022619,19173585.102150038,8414571.392715327,-23066.694062747454,23415.370011267136,3532.1438291119366,4683356.565845028,-38637.80641378691,21619.4035219512,8414571.392715327,3692841.5497612613
24015.552799999998,-24129.351629999997,-4665.562746371929,-778087.1759089549,6189.582468,-8572.673518,-2046019.2329699164,-155576.0707458714,-24129.351629999997,24243.689701125,4687.670735567527,781774.1787022633,-6218.91209655,8613.295535925,2055714.391636823,156313.27529720188,-4665.562746371929,4687.670735567527,906.3907844059112,151160.98186799022,-1202.4659860545714,1665.4351675964747,397485.3792124623,30224.16039904196,-778087.1759089549,781774.1787022633,151160.98186799022,25209482.303233635,-200538.15886268916,277748.6482680551,66289597.41609481,5040556.281747004,6189.582468,-6218.91209655,-1202.4659860545714,-200538.15886268916,1595.25501858,-2209.45443783,-527325.1412968268,-40096.97082338131,-8572.673518,8613.295535925,1665.4351675964747,277748.6482680551,-2209.45443783,3060.1307352050003,730353.9935920141,55534.964063689025,-2046019.2329699164,2055714.391636823,397485.3792124623,66289597.41609481,-527325.1412968268,730353.9935920141,174311819.36743948,13254395.415621717,-155576.0707458714,156313.27529720188,30224.16039904196,5040556.281747004,-40096.97082338131,55534.964063689025,13254395.415621717,1007843.291815643
7406.491656980001,-6183.69752364,-970007.6478869835,-38909.78029986531,4382.02077612,-3562.62371205,-435569.3106366706,-34873.67434357586,-6183.69752364,5162.78378952,809861.6953814788,32485.868239506115,-3658.55958216,2974.4430218999996,363657.8547981257,29116.113764249956,-970007.6478869835,809861.6953814788,127039208.377762,5095905.891273396,-573901.0941881269,466586.93579641543,57045303.238039225,4567308.3005917985,-38909.78029986531,32485.868239506115,5095905.891273396,204411.35602400845,-23020.813843432767,18716.136106940387,2288250.2225280516,183207.79524254185,4382.02077612,-3658.55958216,-573901.0941881269,-23020.813843432767,2592.6048352799994,-2107.8118827,-257702.81761559684,-20632.868109582625,-3562.62371205,2974.4430218999996,466586.93579641543,18716.136106940387,-2107.8118827,1713.6706961249997,209514.79137265505,16774.713980221062,-435569.3106366706,363657.8547981257,57045303.238039225,2288250.2225280516,-257702.81761559684,209514.79137265505,25615451.033379428,2050890.3535837873,-34873.67434357586,29116.113764249956,4567308.3005917985,183207.79524254185,-20632.868109582625,16774.713980221062,2050890.3535837873,164203.67679421327
5036.52646658,-6841.4432871399995,-2562852.1868676334,-64921.13971430316,9890.66034558,-10135.54996958,-47179.13163504083,-237738.39908109597,-6841.4432871399995,9293.179845619998,3481289.7353210277,88186.62990040747,-13435.13079414,13767.780386139999,64086.50000340817,322935.61550431285,-2562852.1868676334,3481289.7353210277,1304115321.4056842,33035324.244751133,-5032893.337190619,5157506.18546495,24007248.147647507,120973925.19037586,-64921.13971430316,88186.62990040747,33035324.244751133,836837.5327264101,-127491.22761944646,130647.87011895126,608141.9440167921,3064462.765084814,9890.66034558,-13435.13079414,-5032893.337190619,-127491.22761944646,19423.14067458,-19904.051498580004,-92649.71990079888,-466867.3483631577,-10135.54996958,13767.780386139999,5157506.18546495,130647.87011895126,-19904.051498580004,20396.86952258,94943.69768160008,478426.8363451329,-47179.13163504083,64086.50000340817,24007248.147647507,608141.9440167921,-92649.71990079888,94943.69768160008,441945.5504912624,2226989.4339634436,-237738.39908109597,322935.61550431285,120973925.19037586,3064462.765084814,-466867.3483631577,478426.8363451329,2226989.4339634436,11221929.790834883
19616.971657680002,-18753.49079082,-297210.52847023687,-483841.9805048726,4932.45878364,-6038.7308172,-487845.855133036,-137127.99688959686,-18753.49079082,17928.017788805,284128.2031632659,462544.6926237412,-4715.346588109999,5772.9238103,466372.32857475016,131092.02947876317,-297210.52847023687,284128.2031632659,4502942.644512353,7330536.702164256,-74730.1218212944,91490.89924727842,7391198.13935908,2077582.8774604073,-483841.9805048726,462544.6926237412,7330536.702164256,11933700.378632434,-121656.424257549,148942.0247587492,12032453.777657984,3382187.7686076663,4932.45878364,-4715.346588109999,-74730.1218212944,-121656.424257549,1240.2092472199997,-1518.3684505999997,-122663.15184643993,-34479.235864942995,-6038.7308172,5772.9238103,91490.89924727842,148942.0247587492,-1518.3684505999997,1858.9143379999998,150174.54532956978,42212.37993143163,-487845.855133036,466372.32857475016,7391198.13935908,12032453.777657984,-122663.15184643993,150174.54532956978,12132024.37784576,3410175.9472693903,-137127.99688959686,131092.02947876317,2077582.8774604073,3382187.7686076663,-34479.235864942995,42212.37993143163,3410175.9472693903,958562.2010924161
25538.226000500003,-26305.80449685,-205837.7237503162,-902226.137571657,18354.7842155,-15981.570314599998,-1967673.9616411221,-270058.8196078618,-26305.80449685,27096.453379845,212024.3950753049,929343.5020288186,-18906.456742349998,16461.91337802,2026814.4916354127,278175.72415231215,-205837.7237503162,212024.3950753049,1659049.0082546046,7271929.32125174,-147939.289235391,128811.22030357482,15859423.020966524,2176670.0907765166,-902226.137571657,929343.5020288186,7271929.32125174,31874257.957523488,-648446.2181667417,564604.2312018502,69514886.36591409,9540761.591161095,18354.7842155,-18906.456742349998,-147939.289235391,-648446.2181667417,13191.914880499997,-11486.243192599997,-1414202.8100022967,-194096.15058218592,-15981.570314599998,16461.91337802,128811.22030357482,564604.2312018502,-11486.243192599997,10001.109306319997,1231350.9863041958,169000.14960148055,-1967673.9616411221,2026814.4916354127,15859423.020966524,69514886.36591409,-1414202.8100022967,1231350.9863041958,151605707.43029156,20807541.89596109,-270058.8196078618,278175.72415231215,2176670.0907765166,9540761.591161095,-194096.15058218592,169000.14960148055,20807541.89596109,2855788.2621355047
318.6449145799998,-363.3783457799998,-6258.721995685603,-35427.57552747593,2422.3859843599994,-2616.1370271299993,-117411.14837006267,-56290.88364225398,-363.3783457799998,414.39174497999977,7137.361813813432,40401.12740270369,-2762.4561747599996,2983.4072403299992,133894.08372350468,64193.36146436835,-6258.721995685603,7137.361813813432,122931.82544874494,695857.1628230338,-47579.734521537706,51385.3308376439,2306152.407330905,1105647.6205582197,-35427.57552747593,40401.12740270369,695857.1628230338,3938908.3281286755,-269325.6929291649,290867.3193201239,13054005.058046391,6258532.430598798,2422.3859843599994,-2762.4561747599996,-47579.734521537706,-269325.6929291649,18415.338167120004,-19888.26238146,-892576.9946591953,-427931.6610527646,-2616.1370271299993,2983.4072403299992,51385.3308376439,290867.3193201239,-19888.26238146,21478.996310805003,963968.4758617346,462159.1566288575,-117411.14837006267,133894.08372350468,2306152.407330905,13054005.058046391,-892576.9946591953,963968.4758617346,43262506.73024903,20741511.91119449,-56290.88364225398,64193.36146436835,1105647.6205582197,6258532.430598798,-427931.6610527646,462159.1566288575,20741511.91119449,9944183.748867722
1995.3886953799993,-2679.1057451799993,-584270.286940731,-36219.315670852106,4988.4875316,-5795.24269579,-813475.5214808154,-73609.22893545164,-2679.1057451799993,3597.097452979999,784469.6555138,48629.81178801785,-6697.7855676,7780.97422169,1092211.732084364,98831.32474181052,-584270.286940731,784469.6555138,171080335.87250212,10605387.31566565,-1460680.341748219,1696906.5328475137,238193980.67920956,21553537.619602457,-36219.315670852106,48629.81178801785,10605387.31566565,657435.2308911963,-90548.57584663313,105192.39939266314,14765808.171231363,1336118.5744281365,4988.4875316,-6697.7855676,-1460680.341748219,-90548.57584663313,12471.258312000002,-14488.152607800002,-2033695.242217483,-184023.65494270858,-5795.24269579,7780.97422169,1696906.5328475137,105192.39939266314,-14488.152607800002,16831.225906445005,2362591.3512394,213784.58609021638,-813475.5214808154,1092211.732084364,238193980.67920956,14765808.171231363,-2033695.242217483,2362591.3512394,331635848.98553467,30008842.904997967,-73609.22893545164,98831.32474181052,21553537.619602457,1336118.5744281365,-184023.65494270858,213784.58609021638,30008842.904997967,2715420.10687791
16208.245048819997,-14291.702519269997,-1610807.5613046912,-329205.45050627267,19959.28323686,-20576.46223468,-167043.2824073838,-671037.7060908724,-14291.702519269997,12601.781394844997,1420337.7609739075,290278.58057343727,-17599.199522209998,18143.40024298,147291.26397200793,591690.9107542323,-1610807.5613046912,1420337.7609739075,160085252.3972216,32717091.04230427,-1983593.1810826554,2044929.6547954145,16601092.934892299,66689059.0335951,-329205.45050627267,290278.58057343727,32717091.04230427,6686487.544863964,-405392.73746056523,417928.25191067124,3392813.896466406,13629437.960430156,19959.28323686,-17599.199522209998,-1983593.1810826554,-405392.73746056523,24578.41586978,-25338.42723364,-205701.73861151582,-826334.4734817921,-20576.46223468,18143.40024298,2044929.6547954145,417928.25191067124,-25338.42723364,26121.93959432,212062.4275891456,851886.3069898095,-167043.2824073838,147291.26397200793,16601092.934892299,3392813.896466406,-205701.73861151582,212062.4275891456,1721559.4972426964,6915760.50996966,-671037.7060908724,591690.9107542323,66689059.0335951,13629437.960430156,-826334.4734817921,851886.3069898095,6915760.50996966,27781638.396964047
782.5917468799998,-1067.6803794,-162205.99614174393,-40236.15505612415,3392.3571128,-2759.5070717999997,-799298.0029985505,-70801.18900795409,-1067.6803794,1456.6233251249998,221295.66302227767,54893.69580907056,-4628.1514515,3764.7618558749996,1090472.5209503283,96593.19899980331,-162205.99614174393,221295.66302227767,33620064.72625102,8339655.558357229,-703126.0768389237,571956.700573461,165668663.52395457,14674800.030591253,-40236.15505612415,54893.69580907056,8339655.558357229,2068700.8010943278,-174414.57482849766,141877.2365822575,41095090.14491496,3640170.7920372626,3392.3571128,-4628.1514515,-703126.0768389237,-174414.57482849766,14705.096018,-11961.8351205,-3464774.9308998804,-306907.04071871476,-2759.5070717999997,3764.7618558749996,571956.700573461,141877.2365822575,-11961.8351205,9730.334251125,2818415.2216574904,249653.00559099318,-799298.0029985505,1090472.5209503283,165668663.52395457,41095090.14491496,-3464774.9308998804,2818415.2216574904,816360893.332337,72312606.42550343,-70801.18900795409,96593.19899980331,14674800.030591253,3640170.7920372626,-306907.04071871476,249653.00559099318,72312606.42550343,6405393.8530847905
3319.544088180001,-4395.739852980001,-1122323.5379211511,-35415.10052063645,168.68113812,-137.46592026,-944.2092586979244,-187206.5069800604,-4395.739852980001,5820.838145780001,1486180.6840114489,46896.67153696589,-223.36754132,182.03235386,1250.3217784604735,247898.83237267254,-1122323.5379211511,1486180.6840114489,379452747.2182041,11973692.728975326,-57030.365220785476,46476.634703887146,319233.0776786778,63293712.526323624,-35415.10052063645,46896.67153696589,11973692.728975326,377831.8080945983,-1799.6023862814357,1466.5777151460777,10073.45132976869,1997243.32218496,168.68113812,-223.36754132,-57030.365220785476,-1799.6023862814357,8.571456079999999,-6.985268839999999,-47.97956832317,-9512.814357040104,-137.46592026,182.03235386,46476.634703887146,1466.5777151460777,-6.985268839999999,5.692612819999999,39.100729261916776,7752.424452595092,-944.2092586979244,1250.3217784604735,319233.0776786778,10073.45132976869,-47.97956832317,39.100729261916776,268.5703519906198,53248.913851896934,-187206.5069800604,247898.83237267254,63293712.526323624,1997243.32218496,-9512.814357040104,7752.424452595092,53248.913851896934,10557557.09962272
19172.38372562,-18307.28829075,-301762.11761848675,-457101.68660198187,5249.04392374,-7219.2295794,-1565132.0464052635,-144990.66220718122,-18307.28829075,17481.227653125,288146.0209398243,436476.3648887339,-5012.19680025,6893.4838275,1494510.2287068933,138448.40007800225,-301762.11761848675,288146.0209398243,4749559.4148738915,7194513.467392815,-82616.88439834368,113626.45545961257,24634263.92017588,2282068.306617456,-457101.68660198187,436476.3648887339,7194513.467392815,10898068.538820654,-125145.98418887261,172118.50461249534,37315365.079546034,3456819.82923579,5249.04392374,-5012.19680025,-82616.88439834368,-125145.98418887261,1437.0911049800002,-1976.4914838000004,-428504.1951802802,-39695.76059760572,-7219.2295794,6893.4838275,113626.45545961257,172118.50461249534,-1976.4914838000004,2718.3513780000008,589339.7360901373,54595.23929432658,-1565132.0464052635,1494510.2287068933,24634263.92017588,37315365.079546034,-428504.1951802802,589339.7360901373,127769105.69608949,11836271.122966027,-144990.66220718122,138448.40007800225,2282068.306617456,3456819.82923579,-39695.76059760572,54595.23929432658,11836271.122966027,1096488.1794633027
6750.45310178,-9479.109859029999,-5059482.396042108,-135775.4247863215,7397.8246298799995,-5533.850107079999,-2360957.755907059,-81510.97370164102,-9479.109859029999,13310.739644405,7104617.829174348,190658.33778870854,-10388.16081338,7770.733655579999,3315300.11442798,114459.20189129573,-5059482.396042108,7104617.829174348,3792095394.175845,101764038.82287441,-5544689.063022308,4147635.244177046,1769544062.2587328,61092689.67722462,-135775.4247863215,190658.33778870854,101764038.82287441,2730922.7540659467,-148796.34988528566,111305.24687216838,47487188.98977524,1639473.2193856335,7397.8246298799995,-10388.16081338,-5544689.063022308,-148796.34988528566,8107.27938248,-6064.548853679999,-2587374.680397369,-89327.91321763235,-5533.850107079999,7770.733655579999,4147635.244177046,111305.24687216838,-6064.548853679999,4536.509852879999,1935453.2404487822,66820.62725953618,-2360957.755907059,3315300.11442798,1769544062.2587328,47487188.98977524,-2587374.680397369,1935453.2404487822,825740352.7043064,28508303.465093464,-81510.97370164102,114459.20189129573,61092689.67722462,1639473.2193856335,-89327.91321763235,66820.62725953618,28508303.465093464,984235.9814391829
23268.422088,-23184.160293599998,-2598.6792265531494,-722312.1597696414,25779.4278756,-25726.8020058,-1013.6542409949121,-1042083.5006490394,-23184.160293599998,23100.203635919996,2589.2686453856236,719696.4551692628,-25686.072991319998,25633.63769526,1009.9835011001148,1038309.8100503715,-2598.6792265531494,2589.2686453856236,290.2274033442777,80669.74191808836,-2879.115027198011,2873.237630178508,113.20759994032726,116382.65522383816,-722312.1597696414,719696.4551692628,80669.74191808836,22422442.49214274,-800260.2907935668,798626.6473289935,31466.456182703037,32348974.12327344,25779.4278756,-25686.072991319998,-2879.115027198011,-800260.2907935668,28561.408207220004,-28503.103230210003,-1123.0424778137797,-1154539.6737146673,-25726.8020058,25633.63769526,2873.237630178508,798626.6473289935,-28503.103230210003,28444.917276405005,1120.7499099762586,1152182.8078120942,-1013.6542409949121,1009.9835011001148,113.20759994032726,31466.456182703037,-1123.0424778137797,1120.7499099762586,44.15834113723042,45396.819599919705,-1042083.5006490394,1038309.8100503715,116382.65522383816,32348974.12327344,-1154539.6737146673,1152182.8078120942,45396.819599919705,46670032.811764956
12923.68937472,-10972.28874192,-1870141.0448877541,-195808.8131900284,12609.863992319999,-12905.25695664,-42853.053506300654,-131064.10972201664,-10972.28874192,9315.538059245,1587760.811766569,166242.84089776129,-10705.84913552,10956.639509915,36382.49596619272,111274.20459251077,-1870141.0448877541,1587760.811766569,270621447.6661108,28334795.728976153,-1824728.491897904,1867473.7553384271,6201112.696012957,18965820.362587128,-195808.8131900284,166242.84089776129,28334795.728976153,2966729.562371435,-191053.99636528693,195529.54077765308,649273.230371131,1985772.5632647958,12609.863992319999,-10705.84913552,-1824728.491897904,-191053.99636528693,12303.65921792,-12591.87916784,-41812.45468705568,-127881.48569262112,-12905.25695664,10956.639509915,1867473.7553384271,195529.54077765308,-12591.87916784,12886.850827805,42791.93431847974,130877.1794735688,-42853.053506300654,36382.49596619272,6201112.696012957,649273.230371131,-41812.45468705568,42791.93431847974,142094.42378010217,434589.31453890074,-131064.10972201664,111274.20459251077,18965820.362587128,1985772.5632647958,-127881.48569262112,130877.1794735688,434589.31453890074,1329171.5979205037
12395.912548820002,-13177.444343230001,-306287.15525765455,-137696.83621649453,12754.278308020002,-10280.82240751,-3067918.5550035764,-229055.03523818817,-13177.444343230001,14008.249794845002,325597.80698341515,146378.2830296298,-13558.40418203,10929.002971265001,3261343.2733494574,243496.3917743302,-306287.15525765455,325597.80698341515,7567964.125784088,3402312.825830964,-315141.9151226365,254025.9812663118,75804346.23699152,5659657.154262907,-137696.83621649453,146378.2830296298,3402312.825830964,1529570.2215838083,-141677.650945206,114201.89628173277,34079191.59885372,2544399.4984264844,12754.278308020002,-13558.40418203,-315141.9151226365,-141677.650945206,13123.00441922,-10578.04092311,-3156612.062464008,-235677.01496565324,-10280.82240751,10929.002971265001,254025.9812663118,114201.89628173277,-10578.04092311,8526.625930805,2544445.655007377,189971.8257575094,-3067918.5550035764,3261343.2733494574,75804346.23699152,34079191.59885372,-3156612.062464008,2544445.655007377,759292567.0511605,56689831.42278859,-229055.03523818817,243496.3917743302,5659657.154262907,2544399.4984264844,-235677.01496565324,189971.8257575094,56689831.42278859,4232541.086534368
26998.373192000003,-27432.246571800002,-63963.45972058394,-1019545.8818478994,17703.864987200002,-16600.07475,-413979.68853043264,-169844.7133902462,-27432.246571800002,27873.092449845,64991.375078865385,1035930.3437735385,-17988.37234188,16866.84380625,420632.4881400207,172574.17784040884,-63963.45972058394,64991.375078865385,151539.655753743,2415467.090668599,-41943.28476587507,39328.229337348865,980784.0251760978,402389.26273195783,-1019545.8818478994,1035930.3437735385,2415467.090668599,38501349.61098402,-668555.1944974009,626872.5055902544,15633211.809033899,6413885.638930769,17703.864987200002,-17988.37234188,-41943.28476587507,-668555.1944974009,11609.100787520001,-10885.30335,-271462.30111959437,-111373.66882318628,-16600.07475,16866.84380625,39328.229337348865,626872.5055902544,-10885.30335,10206.6328125,254537.32807216689,104429.80834881752,-413979.68853043264,420632.4881400207,980784.0251760978,15633211.809033899,-271462.30111959437,254537.32807216689,6347759.596364721,2604314.750663171,-169844.7133902462,172574.17784040884,402389.26273195783,6413885.638930769,-111373.66882318628,104429.80834881752,2604314.750663171,1068480.180693358
